library(ggplot2)
library(tidyr)
library(dplyr)

df <- data.frame(
x = (0:100),
abs = c(1.0,3.0,2.0,6.0,3.0,4.0,10.0,6.0,6.0,6.0,9.0,8.0,9.0,9.0,9.0,10.0,11.0,11.0,13.0,12.0,14.0,14.0,14.0,15.0,15.0,15.0,17.0,18.0,18.0,19.0,19.0,20.0,20.0,21.0,22.0,22.0,23.0,23.0,24.0,25.0,25.0,25.0,26.0,28.0,28.0,29.0,29.0,29.0,30.0,31.0,31.0,32.0,33.0,33.0,34.0,35.0,35.0,36.0,36.0,37.0,37.0,38.0,39.0,39.0,40.0,40.0,41.0,42.0,42.0,43.0,44.0,44.0,45.0,45.0,46.0,47.0,47.0,48.0,48.0,49.0,50.0,50.0,51.0,52.0,52.0,53.0,53.0,54.0,55.0,55.0,56.0,44.0,48.0,48.0,55.0,59.0,52.0,47.0,46.0,50.0,46.0),
pil = c(1.0,2.0,2.0,2.0,4.0,5.0,2.0,4.0,4.0,6.0,2.0,4.0,4.0,2.0,7.0,3.0,8.0,5.0,5.0,5.0,4.0,4.0,7.0,7.0,7.0,9.0,7.0,6.0,4.0,5.0,16.0,13.0,9.0,9.0,7.0,11.0,11.0,14.0,16.0,15.0,21.0,13.0,16.0,19.0,14.0,12.0,18.0,23.0,17.0,26.0,20.0,26.0,21.0,24.0,27.0,26.0,40.0,28.0,30.0,34.0,35.0,44.0,42.0,37.0,44.0,40.0,44.0,38.0,41.0,40.0,45.0,37.0,55.0,46.0,37.0,61.0,47.0,47.0,50.0,59.0,48.0,45.0,51.0,45.0,60.0,61.0,59.0,62.0,63.0,63.0,65.0,69.0,69.0,69.0,69.0,69.0,69.0,69.0,69.0,69.0,69.0),
shad = c(0.0,1.5,1.5,1.5,2.25,2.4,1.5,2.25,2.25,2.5,1.5,2.25,2.25,1.5,2.57,2.0,2.63,2.4,2.4,2.4,2.25,2.25,2.57,2.57,2.57,3.0,2.57,2.5,2.25,2.4,2.75,2.77,2.67,2.67,2.57,2.73,2.73,2.79,2.81,2.8,2.67,3.0,2.75,2.74,2.79,2.75,2.78,2.43,2.82,2.69,2.65,2.62,2.86,2.67,2.37,2.42,1.78,2.36,2.07,2.12,2.37,2.05,1.79,2.14,1.98,2.03,1.95,1.84,1.71,2.1,1.71,1.81,1.44,1.78,1.86,1.97,1.79,1.6,1.7,1.69,1.6,1.67,1.55,1.6,1.83,1.56,1.86,1.73,1.67,1.92,2.0,1.58,1.43,1.25,1.39,1.9,1.38,1.52,1.48,1.38,1.58)
)

df_long <- df %>%
pivot_longer(-x, names_to = "Variable", values_to = "Wert")

ggplot(df_long, aes(x=x, y=Wert, color=Variable)) +
geom_line(size=1) +
facet_wrap(~Variable, scales="free_y", ncol=1) +
theme_minimal()